@ NAME             %08s "TRACKONE"
@ TYPE             %08s "TRACKONE"
@ TITLE            %01s "s"
@ ORIGIN           %16s "5.09.00 Linux 64"
@ DATE             %08s "25/10/23"
@ TIME             %08s "16.34.41"
*          NUMBER            TURN               X              PX               Y              PY               T              PT               S               E 
$             %le             %le             %le             %le             %le             %le             %le             %le             %le             %le 
#segment       1       2     100       0 start                                          
     1.000000000     0.000000000     0.000519813     0.000077553     0.000487587     0.000112665    -0.000034956    -0.002355841     0.000000000     0.150000870
     2.000000000     0.000000000    -0.000382298    -0.000082051     0.000571840     0.000096703    -0.000039397    -0.002387605     0.000000000     0.150000870
     3.000000000     0.000000000     0.000022159    -0.000003483    -0.000035136    -0.000023872    -0.000042477    -0.001865958     0.000000000     0.150000870
     4.000000000     0.000000000     0.000435384     0.000055275     0.000034087     0.000002219     0.000062415     0.002317096     0.000000000     0.150000870
     5.000000000     0.000000000    -0.000041827     0.000021163     0.000231335     0.000034296    -0.000052550    -0.001555305     0.000000000     0.150000870
     6.000000000     0.000000000     0.000111458     0.000006473    -0.000286941    -0.000041193    -0.000115052    -0.001835446     0.000000000     0.150000870
     7.000000000     0.000000000     0.000179397    -0.000003186     0.000092968     0.000062837    -0.000105755    -0.002951767     0.000000000     0.150000870
     8.000000000     0.000000000    -0.000421227    -0.000124402     0.000609003     0.000099721     0.000103217     0.003106482     0.000000000     0.150000870
     9.000000000     0.000000000     0.000192699     0.000054758    -0.000274879    -0.000082704    -0.000006899    -0.000466463     0.000000000     0.150000870
    10.000000000     0.000000000    -0.000023373     0.000013348     0.000105065    -0.000005306     0.000047794     0.001963033     0.000000000     0.150000870
    11.000000000     0.000000000     0.000311186     0.000080977    -0.000001192    -0.000039614     0.000071048     0.002028069     0.000000000     0.150000870
    12.000000000     0.000000000     0.000148892    -0.000026330     0.000270523     0.000009884     0.000015622     0.000702940     0.000000000     0.150000870
    13.000000000     0.000000000     0.000012977     0.000032109    -0.000052336    -0.000028270     0.000044870     0.001854683     0.000000000     0.150000870
    14.000000000     0.000000000     0.000058676    -0.000001935    -0.000187215     0.000030940     0.000025827     0.001993146     0.000000000     0.150000870
    15.000000000     0.000000000     0.000333634     0.000066959    -0.000387341    -0.000091232     0.000019340     0.001002320     0.000000000     0.150000870
    16.000000000     0.000000000    -0.000129181    -0.000018450    -0.000055063     0.000007180    -0.000100388    -0.003028493     0.000000000     0.150000870
    17.000000000     0.000000000     0.000375475     0.000075462    -0.000258067    -0.000082138     0.000012433     0.001005621     0.000000000     0.150000870
    18.000000000     0.000000000    -0.000439080    -0.000128481    -0.000056802     0.000005641     0.000058169     0.001934295     0.000000000     0.150000870
    19.000000000     0.000000000    -0.000158220    -0.000008696     0.000108591     0.000057346     0.000000395    -0.000259697     0.000000000     0.150000870
    20.000000000     0.000000000     0.000313537     0.000012296    -0.000190704    -0.000048470    -0.000068940    -0.002493480     0.000000000     0.150000870
    21.000000000     0.000000000     0.000174087     0.000002293     0.000570025     0.000090263    -0.000068047    -0.002005904     0.000000000     0.150000870
    22.000000000     0.000000000    -0.000109909    -0.000011489     0.000065079     0.000006827    -0.000124143    -0.003263892     0.000000000     0.150000870
    23.000000000     0.000000000    -0.000101396    -0.000020672     0.000081890     0.000041255    -0.000053764    -0.001967542     0.000000000     0.150000870
    24.000000000     0.000000000     0.000087681     0.000042938    -0.000438703    -0.000087100     0.000074764     0.002991808     0.000000000     0.150000870
    25.000000000     0.000000000     0.000282398     0.000099089     0.000240537     0.000080624     0.000034860     0.001041920     0.000000000     0.150000870
    26.000000000     0.000000000    -0.000076597    -0.000033938     0.000021950     0.000021511    -0.000073484    -0.002822106     0.000000000     0.150000870
    27.000000000     0.000000000    -0.000386943    -0.000087612     0.000190055     0.000039093     0.000043150     0.001168145     0.000000000     0.150000870
    28.000000000     0.000000000     0.000182131     0.000053806    -0.000060560    -0.000057830    -0.000017896    -0.000375100     0.000000000     0.150000870
    29.000000000     0.000000000     0.000134888     0.000028855    -0.000469199    -0.000087670    -0.000030360    -0.001481260     0.000000000     0.150000870
    30.000000000     0.000000000    -0.000141245    -0.000002740    -0.000084077    -0.000026875    -0.000048886    -0.001399296     0.000000000     0.150000870
    31.000000000     0.000000000     0.000652350     0.000105941    -0.000360704    -0.000056090    -0.000060732    -0.003150317     0.000000000     0.150000870
    32.000000000     0.000000000    -0.000120752    -0.000023332     0.000178100     0.000061548     0.000095257     0.002948083     0.000000000     0.150000870
    33.000000000     0.000000000     0.000077254     0.000029555     0.000411745     0.000066202     0.000003128     0.000381837     0.000000000     0.150000870
    34.000000000     0.000000000     0.000334962     0.000057274     0.000024615     0.000040851     0.000102117     0.002998408     0.000000000     0.150000870
    35.000000000     0.000000000     0.000008870    -0.000019954     0.000644055     0.000126488    -0.000023370    -0.000360512     0.000000000     0.150000870
    36.000000000     0.000000000     0.000016438    -0.000022094    -0.000319239    -0.000052825    -0.000049237    -0.001370340     0.000000000     0.150000870
    37.000000000     0.000000000    -0.000353700    -0.000074609    -0.000420791    -0.000121965    -0.000049655    -0.001265275     0.000000000     0.150000870
    38.000000000     0.000000000    -0.000011479    -0.000008483     0.000189118     0.000003927     0.000043215     0.001650770     0.000000000     0.150000870
    39.000000000     0.000000000    -0.000307795    -0.000041080     0.000275699     0.000037420     0.000085857     0.002331119     0.000000000     0.150000870
    40.000000000     0.000000000    -0.000004164    -0.000010970     0.000579159     0.000080825    -0.000014416    -0.000597242     0.000000000     0.150000870
    41.000000000     0.000000000     0.000037960     0.000013032    -0.000201065    -0.000051462     0.000051897     0.001750045     0.000000000     0.150000870
    42.000000000     0.000000000    -0.000239132    -0.000072892     0.000275838     0.000069996    -0.000103981    -0.002546692     0.000000000     0.150000870
    43.000000000     0.000000000    -0.000189289     0.000024806     0.000204149     0.000052243     0.000115117     0.002168595     0.000000000     0.150000870
    44.000000000     0.000000000     0.000052628    -0.000040811    -0.000257769    -0.000035976    -0.000008469    -0.000900873     0.000000000     0.150000870
    45.000000000     0.000000000    -0.000231776    -0.000058988     0.000195152     0.000063841     0.000007354     0.001343045     0.000000000     0.150000870
    46.000000000     0.000000000    -0.000052222     0.000025192     0.000202091     0.000041701     0.000032599     0.001691883     0.000000000     0.150000870
    47.000000000     0.000000000    -0.000378244    -0.000067577    -0.000029470     0.000000573    -0.000113671    -0.002681167     0.000000000     0.150000870
    48.000000000     0.000000000    -0.000569162    -0.000126212     0.000249122     0.000044088     0.000017664     0.000694169     0.000000000     0.150000870
    49.000000000     0.000000000    -0.000243595    -0.000037033    -0.000044996    -0.000007214     0.000037628     0.000502907     0.000000000     0.150000870
    50.000000000     0.000000000     0.000127993     0.000031118     0.000172102     0.000043508     0.000050935     0.002395608     0.000000000     0.150000870
    51.000000000     0.000000000    -0.000115379    -0.000025145    -0.000374963    -0.000087745    -0.000066346    -0.002624793     0.000000000     0.150000870
    52.000000000     0.000000000    -0.000577774    -0.000105530     0.000244168     0.000026540     0.000015806     0.000571009     0.000000000     0.150000870
    53.000000000     0.000000000     0.000127136     0.000039894     0.000199179     0.000012041    -0.000106098    -0.001832765     0.000000000     0.150000870
    54.000000000     0.000000000     0.000545040     0.000088304    -0.000347094    -0.000028490    -0.000073651    -0.002888518     0.000000000     0.150000870
    55.000000000     0.000000000    -0.000183488    -0.000055761    -0.000566255    -0.000154878     0.000043977     0.001505569     0.000000000     0.150000870
    56.000000000     0.000000000    -0.000058261    -0.000008672     0.000163172     0.000059463     0.000059192     0.001892633     0.000000000     0.150000870
    57.000000000     0.000000000    -0.000457906    -0.000093654     0.000029357    -0.000007320    -0.000010492    -0.000839327     0.000000000     0.150000870
    58.000000000     0.000000000     0.000093824     0.000006348    -0.000141783    -0.000012444     0.000061505     0.002194858     0.000000000     0.150000870
    59.000000000     0.000000000    -0.000288636    -0.000073065    -0.000271454    -0.000058959     0.000027099     0.002288632     0.000000000     0.150000870
    60.000000000     0.000000000    -0.000069828     0.000018646    -0.000657525    -0.000079655    -0.000032883    -0.001574250     0.000000000     0.150000870
    61.000000000     0.000000000    -0.000165146    -0.000019066    -0.000284736    -0.000056523     0.000035992     0.000379431     0.000000000     0.150000870
    62.000000000     0.000000000     0.000127386     0.000044151     0.000268941     0.000011030     0.000118327     0.002134632     0.000000000     0.150000870
    63.000000000     0.000000000    -0.000368051    -0.000078584     0.000162154     0.000060310    -0.000064828    -0.002686256     0.000000000     0.150000870
    64.000000000     0.000000000    -0.000399682    -0.000047250     0.000212675     0.000001739     0.000076358     0.002422145     0.000000000     0.150000870
    65.000000000     0.000000000    -0.000059462    -0.000020406    -0.000531458    -0.000113305     0.000084077     0.002741420     0.000000000     0.150000870
    66.000000000     0.000000000    -0.000387700    -0.000083418    -0.000099847    -0.000034035    -0.000013711    -0.000569815     0.000000000     0.150000870
    67.000000000     0.000000000    -0.000089119    -0.000011370     0.000048838     0.000034828     0.000044215     0.001548745     0.000000000     0.150000870
    68.000000000     0.000000000     0.000407658     0.000127496    -0.000345238    -0.000039571    -0.000055312    -0.002172693     0.000000000     0.150000870
    69.000000000     0.000000000    -0.000054327     0.000020142     0.000025276     0.000008278    -0.000048537    -0.001280482     0.000000000     0.150000870
    70.000000000     0.000000000    -0.000305837    -0.000064479    -0.000182948    -0.000033053    -0.000043629    -0.001721265     0.000000000     0.150000870
    71.000000000     0.000000000    -0.000292549    -0.000057134     0.000265563     0.000041804    -0.000056146    -0.002368768     0.000000000     0.150000870
    72.000000000     0.000000000     0.000082861     0.000084790     0.000073132    -0.000038907    -0.000094473    -0.003145230     0.000000000     0.150000870
    73.000000000     0.000000000     0.000186071     0.000032827     0.000091058     0.000032488    -0.000049237    -0.001448177     0.000000000     0.150000870
    74.000000000     0.000000000     0.000209391     0.000055297     0.000172908     0.000030427     0.000022058     0.001247758     0.000000000     0.150000870
    75.000000000     0.000000000    -0.000220634    -0.000065297    -0.000430613    -0.000033611     0.000037562     0.000440480     0.000000000     0.150000870
    76.000000000     0.000000000    -0.000121727    -0.000027983    -0.000139283    -0.000045517    -0.000035555    -0.002327380     0.000000000     0.150000870
    77.000000000     0.000000000     0.000243806     0.000022498     0.000005287     0.000015562     0.000044227     0.001589995     0.000000000     0.150000870
    78.000000000     0.000000000    -0.000491447    -0.000062560    -0.000168983    -0.000089410     0.000084117     0.002834095     0.000000000     0.150000870
    79.000000000     0.000000000     0.000296353     0.000043791     0.000024212     0.000015615    -0.000006624    -0.000166470     0.000000000     0.150000870
    80.000000000     0.000000000     0.000025224     0.000027887     0.000430932     0.000085942    -0.000024659    -0.000480110     0.000000000     0.150000870
    81.000000000     0.000000000     0.000617799     0.000060573    -0.000260660    -0.000008153    -0.000004313    -0.000291500     0.000000000     0.150000870
    82.000000000     0.000000000    -0.000271310    -0.000066828    -0.000191257    -0.000018599     0.000034736     0.001045907     0.000000000     0.150000870
    83.000000000     0.000000000     0.000158928    -0.000028103    -0.000271482    -0.000020568     0.000061915     0.002321907     0.000000000     0.150000870
    84.000000000     0.000000000     0.000517122     0.000079453     0.000696766     0.000148544     0.000047867     0.002151820     0.000000000     0.150000870
    85.000000000     0.000000000     0.000230263     0.000098103    -0.000424742    -0.000040368    -0.000028543    -0.001212350     0.000000000     0.150000870
    86.000000000     0.000000000     0.000322438     0.000070766    -0.000255055    -0.000032285     0.000042875     0.001253670     0.000000000     0.150000870
    87.000000000     0.000000000     0.000035712     0.000007942     0.000157271     0.000044856     0.000005346     0.000697358     0.000000000     0.150000870
    88.000000000     0.000000000     0.000083875    -0.000020126    -0.000340359    -0.000078906     0.000043550     0.001557132     0.000000000     0.150000870
    89.000000000     0.000000000     0.000159141     0.000032786     0.000127941     0.000012446    -0.000046168    -0.001334588     0.000000000     0.150000870
    90.000000000     0.000000000    -0.000335136    -0.000032088    -0.000239784    -0.000077106     0.000071195     0.002273371     0.000000000     0.150000870
    91.000000000     0.000000000     0.000258374     0.000074336    -0.000024108     0.000021672    -0.000058068    -0.002725579     0.000000000     0.150000870
    92.000000000     0.000000000     0.000155113     0.000072063     0.000259938     0.000022245     0.000049303     0.002050621     0.000000000     0.150000870
    93.000000000     0.000000000     0.000098910     0.000011637    -0.000262556    -0.000015060     0.000044170     0.001803259     0.000000000     0.150000870
    94.000000000     0.000000000    -0.000169588    -0.000001211    -0.000022674    -0.000025993    -0.000037321    -0.002444942     0.000000000     0.150000870
    95.000000000     0.000000000     0.000349903     0.000085594    -0.000069067    -0.000038260    -0.000064355    -0.002903367     0.000000000     0.150000870
    96.000000000     0.000000000    -0.000358997    -0.000085375    -0.000028743    -0.000012267    -0.000026728    -0.000837525     0.000000000     0.150000870
    97.000000000     0.000000000     0.000416991     0.000054068     0.000366472     0.000042649     0.000009957     0.001667820     0.000000000     0.150000870
    98.000000000     0.000000000     0.000180242     0.000046615     0.000013443     0.000015427     0.000025806     0.001570058     0.000000000     0.150000870
    99.000000000     0.000000000     0.000100699    -0.000004575    -0.000056753    -0.000017596     0.000036538     0.000401458     0.000000000     0.150000870
   100.000000000     0.000000000    -0.000260550    -0.000021065     0.000141461     0.000050292    -0.000030254    -0.001288085     0.000000000     0.150000870
#segment       2       2     100      87 MERGE                                          
     1.000000000     1.000000000     0.000012684     0.001134775    -0.000015482    -0.002426259    -0.000006109    -0.002355841    15.317000000     0.150000870
     2.000000000     1.000000000    -0.000048893    -0.003478840    -0.000033949    -0.002262694    -0.000021431    -0.002387605    15.317000000     0.150000870
     3.000000000     1.000000000     0.000000454     0.000001296    -0.000001409     0.000193808    -0.000019493    -0.001865958    15.317000000     0.150000870
     4.000000000     1.000000000     0.000028650     0.001631360     0.000000754    -0.000168906     0.000027975     0.002317096    15.317000000     0.150000870
     5.000000000     1.000000000    -0.000010292    -0.000007153    -0.000010287    -0.001084901    -0.000033572    -0.001555305    15.317000000     0.150000870
     6.000000000     1.000000000     0.000006159     0.000034877     0.000021050     0.001344314    -0.000092956    -0.001835446    15.317000000     0.150000870
     7.000000000     1.000000000     0.000008556     0.000321120     0.000003102    -0.000512924    -0.000070716    -0.002951767    15.317000000     0.150000870
     8.000000000     1.000000000    -0.000031184    -0.004466014    -0.000048441    -0.002506792     0.000053572     0.003106482    15.317000000     0.150000870
     9.000000000     1.000000000     0.000012187     0.000827204     0.000012719     0.001419542    -0.000000909    -0.000466463    15.317000000     0.150000870
    10.000000000     1.000000000    -0.000006424     0.000091271    -0.000008611    -0.000481835     0.000019478     0.001963033    15.317000000     0.150000870
    11.000000000     1.000000000     0.000018681     0.001697533    -0.000001550     0.000077872     0.000041181     0.002028069    15.317000000     0.150000870
    12.000000000     1.000000000     0.000002526    -0.000308138    -0.000024307    -0.001245296     0.000005464     0.000702940    15.317000000     0.150000870
    13.000000000     1.000000000    -0.000001727     0.000452855     0.000000407     0.000294592     0.000017992     0.001854683    15.317000000     0.150000870
    14.000000000     1.000000000     0.000002633    -0.000001229     0.000022600     0.000823148    -0.000002999     0.001993146    15.317000000     0.150000870
    15.000000000     1.000000000     0.000021745     0.000966663     0.000025869     0.002000479     0.000005702     0.001002320    15.317000000     0.150000870
    16.000000000     1.000000000    -0.000010697    -0.000555877     0.000004661     0.000223779    -0.000065596    -0.003028493    15.317000000     0.150000870
    17.000000000     1.000000000     0.000025784     0.001473171     0.000017799     0.001394425    -0.000001274     0.001005621    15.317000000     0.150000870
    18.000000000     1.000000000    -0.000014468    -0.003107738    -0.000003132     0.000219073     0.000031710     0.001934295    15.317000000     0.150000870
    19.000000000     1.000000000    -0.000013659    -0.000552017     0.000001989    -0.000571896     0.000003717    -0.000259697    15.317000000     0.150000870
    20.000000000     1.000000000     0.000021444     0.000719199     0.000014915     0.000947299    -0.000038692    -0.002493480    15.317000000     0.150000870
    21.000000000     1.000000000    -0.000014503    -0.000820655    -0.000034074    -0.002571591    -0.000046525    -0.002005904    15.317000000     0.150000870
    22.000000000     1.000000000    -0.000011309    -0.000415116    -0.000005666    -0.000291169    -0.000086869    -0.003263892    15.317000000     0.150000870
    23.000000000     1.000000000    -0.000009801    -0.000560126    -0.000000526    -0.000420279    -0.000030072    -0.001967542    15.317000000     0.150000870
    24.000000000     1.000000000     0.000004353     0.000003030     0.000022147     0.002207072     0.000030443     0.002991808    15.317000000     0.150000870
    25.000000000     1.000000000     0.000010014     0.001594125    -0.000000612    -0.001302438     0.000020676     0.001041920    15.317000000     0.150000870
    26.000000000     1.000000000    -0.000007858    -0.000660485     0.000000096    -0.000128181    -0.000040839    -0.002822106    15.317000000     0.150000870
    27.000000000     1.000000000    -0.000022125    -0.002430519    -0.000013206    -0.000856589     0.000026963     0.001168145    15.317000000     0.150000870
    28.000000000     1.000000000     0.000010965     0.001089311    -0.000001732     0.000383822    -0.000013183    -0.000375100    15.317000000     0.150000870
    29.000000000     1.000000000     0.000003307    -0.000153268     0.000028726     0.002217172    -0.000013276    -0.001481260    15.317000000     0.150000870
    30.000000000     1.000000000    -0.000009903    -0.000387225     0.000000252     0.000410991    -0.000031535    -0.001399296    15.317000000     0.150000870
    31.000000000     1.000000000     0.000036101     0.002187644     0.000033799     0.001813340    -0.000022526    -0.003150317    15.317000000     0.150000870
    32.000000000     1.000000000    -0.000014079    -0.000753674    -0.000002020    -0.000913990     0.000052373     0.002948083    15.317000000     0.150000870
    33.000000000     1.000000000    -0.000008964    -0.000100915    -0.000016459    -0.001975050    -0.000002886     0.000381837    15.317000000     0.150000870
    34.000000000     1.000000000     0.000020820     0.001456099     0.000007893    -0.000188875     0.000056631     0.002998408    15.317000000     0.150000870
    35.000000000     1.000000000    -0.000027174    -0.001903968    -0.000032521    -0.002861811    -0.000022757    -0.000360512    15.317000000     0.150000870
    36.000000000     1.000000000    -0.000000275    -0.000666779     0.000020114     0.001471586    -0.000033167    -0.001370340    15.317000000     0.150000870
    37.000000000     1.000000000    -0.000022532    -0.002735935     0.000007415     0.001831097    -0.000038815    -0.001265275    15.317000000     0.150000870
    38.000000000     1.000000000    -0.000006600    -0.000280250    -0.000014649    -0.000875473     0.000019751     0.001650770    15.317000000     0.150000870
    39.000000000     1.000000000    -0.000024880    -0.001631437    -0.000013008    -0.001269325     0.000052934     0.002331119    15.317000000     0.150000870
    40.000000000     1.000000000    -0.000024264    -0.001448575    -0.000033371    -0.002574439    -0.000010142    -0.000597242    15.317000000     0.150000870
    41.000000000     1.000000000     0.000001862     0.000095752     0.000008293     0.001021009     0.000026848     0.001750045    15.317000000     0.150000870
    42.000000000     1.000000000    -0.000025473    -0.001989806    -0.000016894    -0.001218937    -0.000077782    -0.002546692    15.317000000     0.150000870
    43.000000000     1.000000000    -0.000020012    -0.000264778    -0.000001533    -0.001024930     0.000083960     0.002168595    15.317000000     0.150000870
    44.000000000     1.000000000     0.000003387    -0.000716104     0.000018238     0.001184063     0.000002297    -0.000900873    15.317000000     0.150000870
    45.000000000     1.000000000    -0.000017265    -0.001596312    -0.000005856    -0.000946901    -0.000010941     0.001343045    15.317000000     0.150000870
    46.000000000     1.000000000    -0.000010523     0.000055606    -0.000005409    -0.001005501     0.000008403     0.001691883    15.317000000     0.150000870
    47.000000000     1.000000000    -0.000026459    -0.001930366    -0.000003240     0.000114245    -0.000085389    -0.002681167    15.317000000     0.150000870
    48.000000000     1.000000000    -0.000029266    -0.003698381    -0.000023104    -0.001042290     0.000003970     0.000694169    15.317000000     0.150000870
    49.000000000     1.000000000    -0.000014952    -0.001120987    -0.000001371     0.000205734     0.000031145     0.000502907    15.317000000     0.150000870
    50.000000000     1.000000000     0.000002612     0.000570748    -0.000005194    -0.000892007     0.000015633     0.002395608    15.317000000     0.150000870
    51.000000000     1.000000000    -0.000011531    -0.001183101     0.000015842     0.001696107    -0.000037628    -0.002624793    15.317000000     0.150000870
    52.000000000     1.000000000    -0.000031411    -0.003335497    -0.000023297    -0.001013867     0.000004884     0.000571009    15.317000000     0.150000870
    53.000000000     1.000000000     0.000002051     0.000679042    -0.000012200    -0.000926996    -0.000083507    -0.001832765    15.317000000     0.150000870
    54.000000000     1.000000000     0.000031821     0.001844877     0.000036792     0.001685823    -0.000038640    -0.002888518    15.317000000     0.150000870
    55.000000000     1.000000000    -0.000012935    -0.002588331     0.000019262     0.002568026     0.000020457     0.001505569    15.317000000     0.150000870
    56.000000000     1.000000000    -0.000009352    -0.000381896    -0.000001507    -0.000843491     0.000032332     0.001892633    15.317000000     0.150000870
    57.000000000     1.000000000    -0.000025493    -0.002576826    -0.000012038    -0.000114360    -0.000002627    -0.000839327    15.317000000     0.150000870
    58.000000000     1.000000000     0.000004986     0.000223864     0.000011539     0.000688782     0.000029506     0.002194858    15.317000000     0.150000870
    59.000000000     1.000000000    -0.000013290    -0.002077111     0.000003881     0.001253842    -0.000004798     0.002288632    15.317000000     0.150000870
    60.000000000     1.000000000    -0.000018159    -0.001458896     0.000041509     0.002853510    -0.000017486    -0.001574250    15.317000000     0.150000870
    61.000000000     1.000000000    -0.000010279    -0.000979507     0.000009280     0.001336681     0.000030441     0.000379431    15.317000000     0.150000870
    62.000000000     1.000000000     0.000000301     0.000597722    -0.000017454    -0.001296794     0.000087129     0.002134632    15.317000000     0.150000870
    63.000000000     1.000000000    -0.000030049    -0.002209414    -0.000008347    -0.000737168    -0.000037735    -0.002686256    15.317000000     0.150000870
    64.000000000     1.000000000    -0.000027371    -0.001817093    -0.000016384    -0.000933926     0.000042608     0.002422145    15.317000000     0.150000870
    65.000000000     1.000000000    -0.000007339    -0.001555948     0.000022651     0.002519550     0.000042939     0.002741420    15.317000000     0.150000870
    66.000000000     1.000000000    -0.000020141    -0.002258392    -0.000005334     0.000454507    -0.000008019    -0.000569815    15.317000000     0.150000870
    67.000000000     1.000000000    -0.000008938    -0.000380931     0.000002008    -0.000279108     0.000022611     0.001548745    15.317000000     0.150000870
    68.000000000     1.000000000     0.000018753     0.002016796     0.000026983     0.001715259    -0.000027945    -0.002172693    15.317000000     0.150000870
    69.000000000     1.000000000    -0.000006058     0.000158817     0.000000079    -0.000126794    -0.000032432    -0.001280482    15.317000000     0.150000870
    70.000000000     1.000000000    -0.000018787    -0.001826804     0.000004421     0.000798912    -0.000024720    -0.001721265    15.317000000     0.150000870
    71.000000000     1.000000000    -0.000027651    -0.001828953    -0.000019142    -0.001147980    -0.000031178    -0.002368768    15.317000000     0.150000870
    72.000000000     1.000000000     0.000000253     0.001319238    -0.000008900    -0.000269202    -0.000057229    -0.003145230    15.317000000     0.150000870
    73.000000000     1.000000000     0.000009208     0.000816352    -0.000000057    -0.000471468    -0.000030982    -0.001448177    15.317000000     0.150000870
    74.000000000     1.000000000     0.000008484     0.001055853    -0.000006837    -0.000876843     0.000004182     0.001247758    15.317000000     0.150000870
    75.000000000     1.000000000    -0.000013651    -0.002174691     0.000028991     0.001846328     0.000029309     0.000440480    15.317000000     0.150000870
    76.000000000     1.000000000    -0.000008674    -0.000759856     0.000001526     0.000664541    -0.000008275    -0.002327380    15.317000000     0.150000870
    77.000000000     1.000000000     0.000014574     0.000832907     0.000004518    -0.000049470     0.000021113     0.001589995    15.317000000     0.150000870
    78.000000000     1.000000000    -0.000023503    -0.002264717    -0.000015411     0.000853260     0.000045049     0.002834095    15.317000000     0.150000870
    79.000000000     1.000000000     0.000018161     0.001214389     0.000003716    -0.000138638    -0.000004698    -0.000166470    15.317000000     0.150000870
    80.000000000     1.000000000    -0.000013982    -0.000311566    -0.000013226    -0.002053566    -0.000019568    -0.000480110    15.317000000     0.150000870
    81.000000000     1.000000000     0.000042872     0.001821772     0.000036859     0.001281554    -0.000000125    -0.000291500    15.317000000     0.150000870
    82.000000000     1.000000000    -0.000013454    -0.001778099     0.000006809     0.000846180     0.000020618     0.001045907    15.317000000     0.150000870
    83.000000000     1.000000000     0.000010132    -0.000302159     0.000023451     0.001291315     0.000028060     0.002321907    15.317000000     0.150000870
    84.000000000     1.000000000     0.000002820     0.000156394    -0.000025459    -0.003495946     0.000017249     0.002151820    15.317000000     0.150000870
    85.000000000     1.000000000     0.000009171     0.001111797     0.000030310     0.002049047    -0.000013270    -0.001212350    15.317000000     0.150000870
    86.000000000     1.000000000     0.000021785     0.001353120     0.000024896     0.001292718     0.000025249     0.001253670    15.317000000     0.150000870
    87.000000000     1.000000000    -0.000002656     0.000075442    -0.000003930    -0.000795388    -0.000004407     0.000697358    15.317000000     0.150000870
    88.000000000     1.000000000     0.000005193    -0.000567295     0.000017118     0.001669565     0.000021226     0.001557132    15.317000000     0.150000870
    89.000000000     1.000000000     0.000006546     0.000733038    -0.000006948    -0.000607750    -0.000029360    -0.001334588    15.317000000     0.150000870
    90.000000000     1.000000000    -0.000019041    -0.001505091    -0.000004316     0.001170423     0.000039517     0.002273371    15.317000000     0.150000870
    91.000000000     1.000000000     0.000014437     0.001547699     0.000010587     0.000079346    -0.000025032    -0.002725579    15.317000000     0.150000870
    92.000000000     1.000000000     0.000002091     0.001017193    -0.000013302    -0.001287632     0.000019536     0.002050621    15.317000000     0.150000870
    93.000000000     1.000000000     0.000005911     0.000129389     0.000022006     0.001251849     0.000018129     0.001803259    15.317000000     0.150000870
    94.000000000     1.000000000    -0.000012982    -0.000396696    -0.000004657     0.000137291    -0.000008314    -0.002444942    15.317000000     0.150000870
    95.000000000     1.000000000     0.000020729     0.001846033     0.000005003     0.000393256    -0.000029253    -0.002903367    15.317000000     0.150000870
    96.000000000     1.000000000    -0.000019822    -0.002177085    -0.000006675     0.000130952    -0.000017815    -0.000837525    15.317000000     0.150000870
    97.000000000     1.000000000     0.000018627     0.001062123    -0.000024552    -0.001834010    -0.000013563     0.001667820    15.317000000     0.150000870
    98.000000000     1.000000000     0.000009325     0.001008422     0.000004343    -0.000088254     0.000002943     0.001570058    15.317000000     0.150000870
    99.000000000     1.000000000     0.000005949     0.000146385     0.000002508     0.000289843     0.000030959     0.000401458    15.317000000     0.150000870
   100.000000000     1.000000000    -0.000020615    -0.001005722    -0.000002804    -0.000685662    -0.000014747    -0.001288085    15.317000000     0.150000870
#segment       3       2     100      89 end                                            
     1.000000000     1.000000000     0.000126430     0.001134775    -0.000258682    -0.002426259    -0.000006473    -0.002355841    15.417000000     0.150000870
     2.000000000     1.000000000    -0.000397613    -0.003478840    -0.000260762    -0.002262694    -0.000022299    -0.002387605    15.417000000     0.150000870
     3.000000000     1.000000000     0.000000584     0.000001296     0.000018008     0.000193808    -0.000019497    -0.001865958    15.417000000     0.150000870
     4.000000000     1.000000000     0.000191409     0.001631360    -0.000016097    -0.000168906     0.000027844     0.002317096    15.417000000     0.150000870
     5.000000000     1.000000000    -0.000011009    -0.000007153    -0.000118946    -0.001084901    -0.000033633    -0.001555305    15.417000000     0.150000870
     6.000000000     1.000000000     0.000009653     0.000034877     0.000155729     0.001344314    -0.000093049    -0.001835446    15.417000000     0.150000870
     7.000000000     1.000000000     0.000040763     0.000321120    -0.000048343    -0.000512924    -0.000070738    -0.002951767    15.417000000     0.150000870
     8.000000000     1.000000000    -0.000476408    -0.004466014    -0.000298347    -0.002506792     0.000052272     0.003106482    15.417000000     0.150000870
     9.000000000     1.000000000     0.000094946     0.000827204     0.000154740     0.001419542    -0.000001045    -0.000466463    15.417000000     0.150000870
    10.000000000     1.000000000     0.000002685     0.000091271    -0.000056700    -0.000481835     0.000019468     0.001963033    15.417000000     0.150000870
    11.000000000     1.000000000     0.000188091     0.001697533     0.000006222     0.000077872     0.000041040     0.002028069    15.417000000     0.150000870
    12.000000000     1.000000000    -0.000028266    -0.000308138    -0.000148749    -0.001245296     0.000005383     0.000702940    15.417000000     0.150000870
    13.000000000     1.000000000     0.000043475     0.000452855     0.000029812     0.000294592     0.000017980     0.001854683    15.417000000     0.150000870
    14.000000000     1.000000000     0.000002510    -0.000001229     0.000104752     0.000823148    -0.000003031     0.001993146    15.417000000     0.150000870
    15.000000000     1.000000000     0.000118315     0.000966663     0.000225717     0.002000479     0.000005457     0.001002320    15.417000000     0.150000870
    16.000000000     1.000000000    -0.000066453    -0.000555877     0.000027107     0.000223779    -0.000065617    -0.003028493    15.417000000     0.150000870
    17.000000000     1.000000000     0.000172954     0.001473171     0.000157102     0.001394425    -0.000001478     0.001005621    15.417000000     0.150000870
    18.000000000     1.000000000    -0.000324643    -0.003107738     0.000018733     0.000219073     0.000031229     0.001934295    15.417000000     0.150000870
    19.000000000     1.000000000    -0.000068875    -0.000552017    -0.000055215    -0.000571896     0.000003685    -0.000259697    15.417000000     0.150000870
    20.000000000     1.000000000     0.000093544     0.000719199     0.000109882     0.000947299    -0.000038766    -0.002493480    15.417000000     0.150000870
    21.000000000     1.000000000    -0.000096734    -0.000820655    -0.000291751    -0.002571591    -0.000046893    -0.002005904    15.417000000     0.150000870
    22.000000000     1.000000000    -0.000052956    -0.000415116    -0.000034878    -0.000291169    -0.000086886    -0.003263892    15.417000000     0.150000870
    23.000000000     1.000000000    -0.000065924    -0.000560126    -0.000042637    -0.000420279    -0.000030099    -0.001967542    15.417000000     0.150000870
    24.000000000     1.000000000     0.000004655     0.000003030     0.000242197     0.002207072     0.000030205     0.002991808    15.417000000     0.150000870
    25.000000000     1.000000000     0.000169261     0.001594125    -0.000130721    -0.001302438     0.000020466     0.001041920    15.417000000     0.150000870
    26.000000000     1.000000000    -0.000074093    -0.000660485    -0.000012758    -0.000128181    -0.000040865    -0.002822106    15.417000000     0.150000870
    27.000000000     1.000000000    -0.000264894    -0.002430519    -0.000098765    -0.000856589     0.000026633     0.001168145    15.417000000     0.150000870
    28.000000000     1.000000000     0.000119937     0.001089311     0.000036665     0.000383822    -0.000013250    -0.000375100    15.417000000     0.150000870
    29.000000000     1.000000000    -0.000012043    -0.000153268     0.000250773     0.002217172    -0.000013526    -0.001481260    15.417000000     0.150000870
    30.000000000     1.000000000    -0.000048680    -0.000387225     0.000041409     0.000410991    -0.000031553    -0.001399296    15.417000000     0.150000870
    31.000000000     1.000000000     0.000255558     0.002187644     0.000215707     0.001813340    -0.000022936    -0.003150317    15.417000000     0.150000870
    32.000000000     1.000000000    -0.000089225    -0.000753674    -0.000093150    -0.000913990     0.000052307     0.002948083    15.417000000     0.150000870
    33.000000000     1.000000000    -0.000019052    -0.000100915    -0.000213889    -0.001975050    -0.000003081     0.000381837    15.417000000     0.150000870
    34.000000000     1.000000000     0.000165994     0.001456099    -0.000010938    -0.000188875     0.000056528     0.002998408    15.417000000     0.150000870
    35.000000000     1.000000000    -0.000217641    -0.001903968    -0.000318807    -0.002861811    -0.000023349    -0.000360512    15.417000000     0.150000870
    36.000000000     1.000000000    -0.000067044    -0.000666779     0.000167475     0.001471586    -0.000033299    -0.001370340    15.417000000     0.150000870
    37.000000000     1.000000000    -0.000296473    -0.002735935     0.000190758     0.001831097    -0.000039360    -0.001265275    15.417000000     0.150000870
    38.000000000     1.000000000    -0.000034579    -0.000280250    -0.000102052    -0.000875473     0.000019711     0.001650770    15.417000000     0.150000870
    39.000000000     1.000000000    -0.000187644    -0.001631437    -0.000139645    -0.001269325     0.000052724     0.002331119    15.417000000     0.150000870
    40.000000000     1.000000000    -0.000169208    -0.001448575    -0.000290970    -0.002574439    -0.000010580    -0.000597242    15.417000000     0.150000870
    41.000000000     1.000000000     0.000011420     0.000095752     0.000110216     0.001021009     0.000026798     0.001750045    15.417000000     0.150000870
    42.000000000     1.000000000    -0.000224962    -0.001989806    -0.000139099    -0.001218937    -0.000078058    -0.002546692    15.417000000     0.150000870
    43.000000000     1.000000000    -0.000046432    -0.000264778    -0.000103804    -0.001024930     0.000083907     0.002168595    15.417000000     0.150000870
    44.000000000     1.000000000    -0.000068288    -0.000716104     0.000136752     0.001184063     0.000002200    -0.000900873    15.417000000     0.150000870
    45.000000000     1.000000000    -0.000176683    -0.001596312    -0.000100419    -0.000946901    -0.000011111     0.001343045    15.417000000     0.150000870
    46.000000000     1.000000000    -0.000004972     0.000055606    -0.000105789    -0.001005501     0.000008354     0.001691883    15.417000000     0.150000870
    47.000000000     1.000000000    -0.000220015    -0.001930366     0.000008215     0.000114245    -0.000085580    -0.002681167    15.417000000     0.150000870
    48.000000000     1.000000000    -0.000398850    -0.003698381    -0.000127262    -0.001042290     0.000003233     0.000694169    15.417000000     0.150000870
    49.000000000     1.000000000    -0.000126994    -0.001120987     0.000019192     0.000205734     0.000031080     0.000502907    15.417000000     0.150000870
    50.000000000     1.000000000     0.000059550     0.000570748    -0.000094181    -0.000892007     0.000015580     0.002395608    15.417000000     0.150000870
    51.000000000     1.000000000    -0.000130153    -0.001183101     0.000185900     0.001696107    -0.000037846    -0.002624793    15.417000000     0.150000870
    52.000000000     1.000000000    -0.000364772    -0.003335497    -0.000124627    -0.001013867     0.000004278     0.000571009    15.417000000     0.150000870
    53.000000000     1.000000000     0.000070080     0.000679042    -0.000105070    -0.000926996    -0.000083575    -0.001832765    15.417000000     0.150000870
    54.000000000     1.000000000     0.000216843     0.001844877     0.000205863     0.001685823    -0.000038958    -0.002888518    15.417000000     0.150000870
    55.000000000     1.000000000    -0.000271380    -0.002588331     0.000275680     0.002568026     0.000019796     0.001505569    15.417000000     0.150000870
    56.000000000     1.000000000    -0.000047469    -0.000381896    -0.000085697    -0.000843491     0.000032291     0.001892633    15.417000000     0.150000870
    57.000000000     1.000000000    -0.000283393    -0.002576826    -0.000023484    -0.000114360    -0.000002961    -0.000839327    15.417000000     0.150000870
    58.000000000     1.000000000     0.000027323     0.000223864     0.000080267     0.000688782     0.000029482     0.002194858    15.417000000     0.150000870
    59.000000000     1.000000000    -0.000220527    -0.002077111     0.000128979     0.001253842    -0.000005089     0.002288632    15.417000000     0.150000870
    60.000000000     1.000000000    -0.000164279    -0.001458896     0.000327311     0.002853510    -0.000018003    -0.001574250    15.417000000     0.150000870
    61.000000000     1.000000000    -0.000108193    -0.000979507     0.000142897     0.001336681     0.000030304     0.000379431    15.417000000     0.150000870
    62.000000000     1.000000000     0.000059946     0.000597722    -0.000146858    -0.001296794     0.000087030     0.002134632    15.417000000     0.150000870
    63.000000000     1.000000000    -0.000251587    -0.002209414    -0.000082263    -0.000737168    -0.000038010    -0.002686256    15.417000000     0.150000870
    64.000000000     1.000000000    -0.000208642    -0.001817093    -0.000109551    -0.000933926     0.000042403     0.002422145    15.417000000     0.150000870
    65.000000000     1.000000000    -0.000162509    -0.001555948     0.000273918     0.002519550     0.000042506     0.002741420    15.417000000     0.150000870
    66.000000000     1.000000000    -0.000246109    -0.002258392     0.000040143     0.000454507    -0.000008285    -0.000569815    15.417000000     0.150000870
    67.000000000     1.000000000    -0.000046972    -0.000380931    -0.000025860    -0.000279108     0.000022602     0.001548745    15.417000000     0.150000870
    68.000000000     1.000000000     0.000220872     0.002016796     0.000198883     0.001715259    -0.000028299    -0.002172693    15.417000000     0.150000870
    69.000000000     1.000000000     0.000009844     0.000158817    -0.000012616    -0.000126794    -0.000032436    -0.001280482    15.417000000     0.150000870
    70.000000000     1.000000000    -0.000201783    -0.001826804     0.000084450     0.000798912    -0.000024921    -0.001721265    15.417000000     0.150000870
    71.000000000     1.000000000    -0.000210981    -0.001828953    -0.000134213    -0.001147980    -0.000031415    -0.002368768    15.417000000     0.150000870
    72.000000000     1.000000000     0.000132593     0.001319238    -0.000035905    -0.000269202    -0.000057324    -0.003145230    15.417000000     0.150000870
    73.000000000     1.000000000     0.000090962     0.000816352    -0.000047272    -0.000471468    -0.000031028    -0.001448177    15.417000000     0.150000870
    74.000000000     1.000000000     0.000113938     0.001055853    -0.000094412    -0.000876843     0.000004089     0.001247758    15.417000000     0.150000870
    75.000000000     1.000000000    -0.000231025    -0.002174691     0.000213543     0.001846328     0.000028903     0.000440480    15.417000000     0.150000870
    76.000000000     1.000000000    -0.000084837    -0.000759856     0.000068135     0.000664541    -0.000008328    -0.002327380    15.417000000     0.150000870
    77.000000000     1.000000000     0.000097733     0.000832907    -0.000000421    -0.000049470     0.000021080     0.001589995    15.417000000     0.150000870
    78.000000000     1.000000000    -0.000249335    -0.002264717     0.000069674     0.000853260     0.000044761     0.002834095    15.417000000     0.150000870
    79.000000000     1.000000000     0.000139620     0.001214389    -0.000010150    -0.000138638    -0.000004773    -0.000166470    15.417000000     0.150000870
    80.000000000     1.000000000    -0.000045153    -0.000311566    -0.000218682    -0.002053566    -0.000019785    -0.000480110    15.417000000     0.150000870
    81.000000000     1.000000000     0.000225102     0.001821772     0.000165052     0.001281554    -0.000000373    -0.000291500    15.417000000     0.150000870
    82.000000000     1.000000000    -0.000191078    -0.001778099     0.000091339     0.000846180     0.000020426     0.001045907    15.417000000     0.150000870
    83.000000000     1.000000000    -0.000020014    -0.000302159     0.000152283     0.001291315     0.000027976     0.002321907    15.417000000     0.150000870
    84.000000000     1.000000000     0.000018426     0.000156394    -0.000374305    -0.003495946     0.000016641     0.002151820    15.417000000     0.150000870
    85.000000000     1.000000000     0.000120486     0.001111797     0.000235464     0.002049047    -0.000013544    -0.001212350    15.417000000     0.150000870
    86.000000000     1.000000000     0.000156928     0.001353120     0.000154006     0.001292718     0.000025076     0.001253670    15.417000000     0.150000870
    87.000000000     1.000000000     0.000004883     0.000075442    -0.000083413    -0.000795388    -0.000004438     0.000697358    15.417000000     0.150000870
    88.000000000     1.000000000    -0.000051449    -0.000567295     0.000183816     0.001669565     0.000021073     0.001557132    15.417000000     0.150000870
    89.000000000     1.000000000     0.000079948     0.000733038    -0.000067805    -0.000607750    -0.000029407    -0.001334588    15.417000000     0.150000870
    90.000000000     1.000000000    -0.000169208    -0.001505091     0.000112461     0.001170423     0.000039339     0.002273371    15.417000000     0.150000870
    91.000000000     1.000000000     0.000169631     0.001547699     0.000018543     0.000079346    -0.000025156    -0.002725579    15.417000000     0.150000870
    92.000000000     1.000000000     0.000103602     0.001017193    -0.000141802    -0.001287632     0.000019405     0.002050621    15.417000000     0.150000870
    93.000000000     1.000000000     0.000018827     0.000129389     0.000146965     0.001251849     0.000018052     0.001803259    15.417000000     0.150000870
    94.000000000     1.000000000    -0.000052749    -0.000396696     0.000009106     0.000137291    -0.000008326    -0.002444942    15.417000000     0.150000870
    95.000000000     1.000000000     0.000205870     0.001846033     0.000044444     0.000393256    -0.000029436    -0.002903367    15.417000000     0.150000870
    96.000000000     1.000000000    -0.000237714    -0.002177085     0.000006431     0.000130952    -0.000018054    -0.000837525    15.417000000     0.150000870
    97.000000000     1.000000000     0.000124663     0.001062123    -0.000207648    -0.001834010    -0.000013785     0.001667820    15.417000000     0.150000870
    98.000000000     1.000000000     0.000110009     0.001008422    -0.000004468    -0.000088254     0.000002894     0.001570058    15.417000000     0.150000870
    99.000000000     1.000000000     0.000020581     0.000146385     0.000031481     0.000289843     0.000030954     0.000401458    15.417000000     0.150000870
   100.000000000     1.000000000    -0.000121317    -0.001005722    -0.000071459    -0.000685662    -0.000014823    -0.001288085    15.417000000     0.150000870
